10 561
0 RZ 1 0 0 pi/2
1 RZ 1 0 1 0 pi/2
2 SX 1 0 1 1
3 RZ 1 0 1 2 pi/2
4 RZ 1 0 1 3 pi/2
5 X 1 1 0
6 RZ 1 1 1 5 -pi/2
7 RZ 1 2 0 -pi/2
8 RZ 1 3 0 -pi/2
9 RZ 1 4 0 -pi/2
10 X 1 5 0
11 RZ 1 5 1 10 pi/2
12 RZ 1 5 1 11 pi/2
13 SX 1 5 1 12
14 RZ 1 5 1 13 pi/2
15 RZ 1 5 1 14 pi/2
16 X 1 1 1 6
17 RZ 1 1 1 16 -pi/2
18 RZ 1 0 1 4 -pi/2
19 X 1 1 1 17
20 RZ 1 1 1 19 pi/2
21 SX 1 1 1 20
22 RZ 1 1 1 21 pi/2
23 RZ 1 1 1 22 pi/2
24 RZ 1 1 1 23 pi/2
25 SX 1 1 1 24
26 RZ 1 1 1 25 pi/2
27 RZ 1 1 1 26 pi/2
28 RZ 1 5 1 15 -pi/2
29 RZ 1 1 1 27 -pi/4
30 RZ 1 1 1 29 pi/2
31 RZ 1 1 1 30 pi/2
32 SX 1 1 1 31
33 RZ 1 1 1 32 pi/2
34 RZ 1 1 1 33 pi/2
35 X 1 0 1 18
36 RZ 1 0 1 35 -pi/2
37 RZ 1 1 1 34 pi/4
38 RZ 1 1 1 37 pi/2
39 RZ 1 1 1 38 pi/2
40 SX 1 1 1 39
41 RZ 1 1 1 40 pi/2
42 RZ 1 1 1 41 pi/2
43 X 1 5 1 28
44 RZ 1 5 1 43 -pi/2
45 RZ 1 1 1 42 -pi/4
46 RZ 1 1 1 45 pi/2
47 RZ 1 1 1 46 pi/2
48 SX 1 1 1 47
49 RZ 1 1 1 48 pi/2
50 RZ 1 1 1 49 pi/2
51 X 1 0 1 36
52 RZ 1 0 1 51 -pi/2
53 RZ 1 1 1 50 3*pi/4
54 SX 1 1 1 53
55 RZ 1 1 1 54 pi/2
56 RZ 1 1 1 55 pi/2
57 RZ 1 1 1 56 pi/2
58 SX 1 1 1 57
59 RZ 1 1 1 58 pi/2
60 RZ 1 1 1 59 pi/2
61 X 1 5 1 44
62 RZ 1 5 1 61 pi/4
63 RZ 1 5 1 62 pi/2
64 RZ 1 5 1 63 pi/2
65 SX 1 5 1 64
66 RZ 1 5 1 65 pi/2
67 RZ 1 5 1 66 pi/2
68 X 1 0 1 52
69 RZ 1 0 1 68 pi/4
70 RZ 1 0 1 69 -pi/2
71 RZ 1 5 1 67 -pi/4
72 RZ 1 5 1 71 pi/2
73 RZ 1 5 1 72 pi/2
74 SX 1 5 1 73
75 RZ 1 5 1 74 pi/2
76 RZ 1 5 1 75 pi/2
77 X 1 0 1 70
78 RZ 1 0 1 77 -pi/2
79 RZ 1 5 1 76 -pi/2
80 X 1 6 0
81 RZ 1 6 1 80 pi/2
82 RZ 1 6 1 81 pi/2
83 SX 1 6 1 82
84 RZ 1 6 1 83 pi/2
85 RZ 1 6 1 84 pi/2
86 X 1 2 1 7
87 RZ 1 2 1 86 -pi/2
88 RZ 1 1 1 60 -pi/2
89 X 1 2 1 87
90 RZ 1 2 1 89 pi/2
91 SX 1 2 1 90
92 RZ 1 2 1 91 pi/2
93 RZ 1 2 1 92 pi/2
94 RZ 1 2 1 93 pi/2
95 SX 1 2 1 94
96 RZ 1 2 1 95 pi/2
97 RZ 1 2 1 96 pi/2
98 RZ 1 6 1 85 -pi/2
99 RZ 1 2 1 97 -pi/4
100 RZ 1 2 1 99 pi/2
101 RZ 1 2 1 100 pi/2
102 SX 1 2 1 101
103 RZ 1 2 1 102 pi/2
104 RZ 1 2 1 103 pi/2
105 X 1 1 1 88
106 RZ 1 1 1 105 -pi/2
107 RZ 1 2 1 104 pi/4
108 RZ 1 2 1 107 pi/2
109 RZ 1 2 1 108 pi/2
110 SX 1 2 1 109
111 RZ 1 2 1 110 pi/2
112 RZ 1 2 1 111 pi/2
113 X 1 6 1 98
114 RZ 1 6 1 113 -pi/2
115 RZ 1 2 1 112 -pi/4
116 RZ 1 2 1 115 pi/2
117 RZ 1 2 1 116 pi/2
118 SX 1 2 1 117
119 RZ 1 2 1 118 pi/2
120 RZ 1 2 1 119 pi/2
121 X 1 1 1 106
122 RZ 1 1 1 121 -pi/2
123 RZ 1 2 1 120 3*pi/4
124 SX 1 2 1 123
125 RZ 1 2 1 124 pi/2
126 RZ 1 2 1 125 pi/2
127 RZ 1 2 1 126 pi/2
128 SX 1 2 1 127
129 RZ 1 2 1 128 pi/2
130 RZ 1 2 1 129 pi/2
131 X 1 6 1 114
132 RZ 1 6 1 131 pi/4
133 RZ 1 6 1 132 pi/2
134 RZ 1 6 1 133 pi/2
135 SX 1 6 1 134
136 RZ 1 6 1 135 pi/2
137 RZ 1 6 1 136 pi/2
138 X 1 1 1 122
139 RZ 1 1 1 138 pi/4
140 RZ 1 1 1 139 -pi/2
141 RZ 1 6 1 137 -pi/4
142 RZ 1 6 1 141 pi/2
143 RZ 1 6 1 142 pi/2
144 SX 1 6 1 143
145 RZ 1 6 1 144 pi/2
146 RZ 1 6 1 145 pi/2
147 X 1 1 1 140
148 RZ 1 1 1 147 -pi/2
149 RZ 1 6 1 146 -pi/2
150 X 1 7 0
151 RZ 1 7 1 150 pi/2
152 RZ 1 7 1 151 pi/2
153 SX 1 7 1 152
154 RZ 1 7 1 153 pi/2
155 RZ 1 7 1 154 pi/2
156 X 1 3 1 8
157 RZ 1 3 1 156 -pi/2
158 RZ 1 2 1 130 -pi/2
159 X 1 3 1 157
160 RZ 1 3 1 159 pi/2
161 SX 1 3 1 160
162 RZ 1 3 1 161 pi/2
163 RZ 1 3 1 162 pi/2
164 RZ 1 3 1 163 pi/2
165 SX 1 3 1 164
166 RZ 1 3 1 165 pi/2
167 RZ 1 3 1 166 pi/2
168 RZ 1 7 1 155 -pi/2
169 RZ 1 3 1 167 -pi/4
170 RZ 1 3 1 169 pi/2
171 RZ 1 3 1 170 pi/2
172 SX 1 3 1 171
173 RZ 1 3 1 172 pi/2
174 RZ 1 3 1 173 pi/2
175 X 1 2 1 158
176 RZ 1 2 1 175 -pi/2
177 RZ 1 3 1 174 pi/4
178 RZ 1 3 1 177 pi/2
179 RZ 1 3 1 178 pi/2
180 SX 1 3 1 179
181 RZ 1 3 1 180 pi/2
182 RZ 1 3 1 181 pi/2
183 X 1 7 1 168
184 RZ 1 7 1 183 -pi/2
185 RZ 1 3 1 182 -pi/4
186 RZ 1 3 1 185 pi/2
187 RZ 1 3 1 186 pi/2
188 SX 1 3 1 187
189 RZ 1 3 1 188 pi/2
190 RZ 1 3 1 189 pi/2
191 X 1 2 1 176
192 RZ 1 2 1 191 -pi/2
193 RZ 1 3 1 190 3*pi/4
194 SX 1 3 1 193
195 RZ 1 3 1 194 pi/2
196 RZ 1 3 1 195 pi/2
197 RZ 1 3 1 196 pi/2
198 SX 1 3 1 197
199 RZ 1 3 1 198 pi/2
200 RZ 1 3 1 199 pi/2
201 X 1 7 1 184
202 RZ 1 7 1 201 pi/4
203 RZ 1 7 1 202 pi/2
204 RZ 1 7 1 203 pi/2
205 SX 1 7 1 204
206 RZ 1 7 1 205 pi/2
207 RZ 1 7 1 206 pi/2
208 X 1 2 1 192
209 RZ 1 2 1 208 pi/4
210 RZ 1 2 1 209 -pi/2
211 RZ 1 7 1 207 -pi/4
212 RZ 1 7 1 211 pi/2
213 RZ 1 7 1 212 pi/2
214 SX 1 7 1 213
215 RZ 1 7 1 214 pi/2
216 RZ 1 7 1 215 pi/2
217 X 1 2 1 210
218 RZ 1 2 1 217 -pi/2
219 RZ 1 7 1 216 -pi/2
220 X 1 8 0
221 RZ 1 8 1 220 pi/2
222 RZ 1 8 1 221 pi/2
223 SX 1 8 1 222
224 RZ 1 8 1 223 pi/2
225 RZ 1 8 1 224 pi/2
226 X 1 4 1 9
227 RZ 1 4 1 226 -pi/2
228 RZ 1 3 1 200 -pi/2
229 X 1 4 1 227
230 RZ 1 4 1 229 pi/2
231 SX 1 4 1 230
232 RZ 1 4 1 231 pi/2
233 RZ 1 4 1 232 pi/2
234 RZ 1 4 1 233 pi/2
235 SX 1 4 1 234
236 RZ 1 4 1 235 pi/2
237 RZ 1 4 1 236 pi/2
238 RZ 1 8 1 225 -pi/2
239 RZ 1 4 1 237 -pi/4
240 RZ 1 4 1 239 pi/2
241 RZ 1 4 1 240 pi/2
242 SX 1 4 1 241
243 RZ 1 4 1 242 pi/2
244 RZ 1 4 1 243 pi/2
245 X 1 3 1 228
246 RZ 1 3 1 245 -pi/2
247 RZ 1 4 1 244 pi/4
248 RZ 1 4 1 247 pi/2
249 RZ 1 4 1 248 pi/2
250 SX 1 4 1 249
251 RZ 1 4 1 250 pi/2
252 RZ 1 4 1 251 pi/2
253 X 1 8 1 238
254 RZ 1 8 1 253 -pi/2
255 RZ 1 4 1 252 -pi/4
256 RZ 1 4 1 255 pi/2
257 RZ 1 4 1 256 pi/2
258 SX 1 4 1 257
259 RZ 1 4 1 258 pi/2
260 RZ 1 4 1 259 pi/2
261 X 1 3 1 246
262 RZ 1 3 1 261 -pi/2
263 RZ 1 4 1 260 3*pi/4
264 SX 1 4 1 263
265 RZ 1 4 1 264 pi/2
266 RZ 1 4 1 265 -pi/2
267 X 1 8 1 254
268 RZ 1 8 1 267 pi/4
269 RZ 1 8 1 268 pi/2
270 RZ 1 8 1 269 pi/2
271 SX 1 8 1 270
272 RZ 1 8 1 271 pi/2
273 RZ 1 8 1 272 pi/2
274 X 1 3 1 262
275 RZ 1 3 1 274 pi/4
276 RZ 1 3 1 275 -pi/2
277 RZ 1 8 1 273 -pi/4
278 RZ 1 8 1 277 pi/2
279 RZ 1 8 1 278 pi/2
280 SX 1 8 1 279
281 RZ 1 8 1 280 pi/2
282 RZ 1 8 1 281 pi/2
283 X 1 3 1 276
284 RZ 1 3 1 283 -pi/2
285 RZ 1 8 1 282 -pi/2
286 RZ 1 9 0 pi/2
287 RZ 1 9 1 286 pi/2
288 SX 1 9 1 287
289 RZ 1 9 1 288 pi/2
290 RZ 1 9 1 289 pi/2
291 X 1 4 1 266
292 RZ 1 4 1 291 pi/2
293 SX 1 4 1 292
294 RZ 1 4 1 293 pi/2
295 RZ 1 4 1 294 pi/2
296 RZ 1 4 1 295 pi/2
297 SX 1 4 1 296
298 RZ 1 4 1 297 pi/2
299 RZ 1 4 1 298 pi/2
300 RZ 1 4 1 299 -pi/4
301 RZ 1 4 1 300 pi/2
302 RZ 1 4 1 301 pi/2
303 SX 1 4 1 302
304 RZ 1 4 1 303 pi/2
305 RZ 1 4 1 304 pi/2
306 X 1 3 1 284
307 RZ 1 3 1 306 -pi/2
308 RZ 1 4 1 305 pi/4
309 RZ 1 4 1 308 pi/2
310 RZ 1 4 1 309 pi/2
311 SX 1 4 1 310
312 RZ 1 4 1 311 pi/2
313 RZ 1 4 1 312 pi/2
314 X 1 8 1 285
315 RZ 1 8 1 314 -pi/2
316 RZ 1 4 1 313 -pi/4
317 RZ 1 4 1 316 pi/2
318 RZ 1 4 1 317 pi/2
319 SX 1 4 1 318
320 RZ 1 4 1 319 pi/2
321 RZ 1 4 1 320 pi/2
322 X 1 3 1 307
323 RZ 1 3 1 322 -pi/2
324 RZ 1 4 1 321 3*pi/4
325 SX 1 4 1 324
326 RZ 1 4 1 325 pi/2
327 RZ 1 4 1 326 -pi/2
328 X 1 8 1 315
329 RZ 1 8 1 328 pi/4
330 RZ 1 8 1 329 pi/2
331 RZ 1 8 1 330 pi/2
332 SX 1 8 1 331
333 RZ 1 8 1 332 pi/2
334 RZ 1 8 1 333 pi/2
335 X 1 3 1 323
336 RZ 1 3 1 335 pi/4
337 RZ 1 3 1 336 -pi/2
338 RZ 1 8 1 334 -pi/4
339 RZ 1 8 1 338 pi/2
340 RZ 1 8 1 339 pi/2
341 SX 1 8 1 340
342 RZ 1 8 1 341 pi/2
343 RZ 1 8 1 342 pi/2
344 X 1 3 1 337
345 RZ 1 3 1 344 pi/2
346 RZ 1 3 1 345 pi/2
347 SX 1 3 1 346
348 RZ 1 3 1 347 pi/2
349 RZ 1 3 1 348 pi/2
350 RZ 1 3 1 349 -pi/2
351 X 1 4 1 327
352 RZ 1 8 1 343 pi/2
353 RZ 1 8 1 352 pi/2
354 SX 1 8 1 353
355 RZ 1 8 1 354 pi/2
356 RZ 1 8 1 355 pi/2
357 X 1 3 1 350
358 RZ 1 3 1 357 pi/2
359 SX 1 3 1 358
360 RZ 1 3 1 359 pi/2
361 RZ 1 3 1 360 pi/2
362 RZ 1 3 1 361 pi/2
363 SX 1 3 1 362
364 RZ 1 3 1 363 pi/2
365 RZ 1 3 1 364 pi/2
366 RZ 1 3 1 365 -pi/4
367 RZ 1 3 1 366 pi/2
368 RZ 1 3 1 367 pi/2
369 SX 1 3 1 368
370 RZ 1 3 1 369 pi/2
371 RZ 1 3 1 370 pi/2
372 X 1 2 1 218
373 RZ 1 2 1 372 -pi/2
374 RZ 1 3 1 371 pi/4
375 RZ 1 3 1 374 pi/2
376 RZ 1 3 1 375 pi/2
377 SX 1 3 1 376
378 RZ 1 3 1 377 pi/2
379 RZ 1 3 1 378 pi/2
380 X 1 7 1 219
381 RZ 1 7 1 380 -pi/2
382 RZ 1 3 1 379 -pi/4
383 RZ 1 3 1 382 pi/2
384 RZ 1 3 1 383 pi/2
385 SX 1 3 1 384
386 RZ 1 3 1 385 pi/2
387 RZ 1 3 1 386 pi/2
388 X 1 2 1 373
389 RZ 1 2 1 388 -pi/2
390 RZ 1 3 1 387 3*pi/4
391 SX 1 3 1 390
392 RZ 1 3 1 391 pi/2
393 RZ 1 3 1 392 -pi/2
394 X 1 7 1 381
395 RZ 1 7 1 394 pi/4
396 RZ 1 7 1 395 pi/2
397 RZ 1 7 1 396 pi/2
398 SX 1 7 1 397
399 RZ 1 7 1 398 pi/2
400 RZ 1 7 1 399 pi/2
401 X 1 2 1 389
402 RZ 1 2 1 401 pi/4
403 RZ 1 2 1 402 -pi/2
404 RZ 1 7 1 400 -pi/4
405 RZ 1 7 1 404 pi/2
406 RZ 1 7 1 405 pi/2
407 SX 1 7 1 406
408 RZ 1 7 1 407 pi/2
409 RZ 1 7 1 408 pi/2
410 X 1 2 1 403
411 RZ 1 2 1 410 pi/2
412 RZ 1 2 1 411 pi/2
413 SX 1 2 1 412
414 RZ 1 2 1 413 pi/2
415 RZ 1 2 1 414 pi/2
416 RZ 1 2 1 415 -pi/2
417 X 1 3 1 393
418 RZ 1 7 1 409 pi/2
419 RZ 1 7 1 418 pi/2
420 SX 1 7 1 419
421 RZ 1 7 1 420 pi/2
422 RZ 1 7 1 421 pi/2
423 X 1 2 1 416
424 RZ 1 2 1 423 pi/2
425 SX 1 2 1 424
426 RZ 1 2 1 425 pi/2
427 RZ 1 2 1 426 pi/2
428 RZ 1 2 1 427 pi/2
429 SX 1 2 1 428
430 RZ 1 2 1 429 pi/2
431 RZ 1 2 1 430 pi/2
432 RZ 1 2 1 431 -pi/4
433 RZ 1 2 1 432 pi/2
434 RZ 1 2 1 433 pi/2
435 SX 1 2 1 434
436 RZ 1 2 1 435 pi/2
437 RZ 1 2 1 436 pi/2
438 X 1 1 1 148
439 RZ 1 1 1 438 -pi/2
440 RZ 1 2 1 437 pi/4
441 RZ 1 2 1 440 pi/2
442 RZ 1 2 1 441 pi/2
443 SX 1 2 1 442
444 RZ 1 2 1 443 pi/2
445 RZ 1 2 1 444 pi/2
446 X 1 6 1 149
447 RZ 1 6 1 446 -pi/2
448 RZ 1 2 1 445 -pi/4
449 RZ 1 2 1 448 pi/2
450 RZ 1 2 1 449 pi/2
451 SX 1 2 1 450
452 RZ 1 2 1 451 pi/2
453 RZ 1 2 1 452 pi/2
454 X 1 1 1 439
455 RZ 1 1 1 454 -pi/2
456 RZ 1 2 1 453 3*pi/4
457 SX 1 2 1 456
458 RZ 1 2 1 457 pi/2
459 RZ 1 2 1 458 -pi/2
460 X 1 6 1 447
461 RZ 1 6 1 460 pi/4
462 RZ 1 6 1 461 pi/2
463 RZ 1 6 1 462 pi/2
464 SX 1 6 1 463
465 RZ 1 6 1 464 pi/2
466 RZ 1 6 1 465 pi/2
467 X 1 1 1 455
468 RZ 1 1 1 467 pi/4
469 RZ 1 1 1 468 -pi/2
470 RZ 1 6 1 466 -pi/4
471 RZ 1 6 1 470 pi/2
472 RZ 1 6 1 471 pi/2
473 SX 1 6 1 472
474 RZ 1 6 1 473 pi/2
475 RZ 1 6 1 474 pi/2
476 X 1 1 1 469
477 RZ 1 1 1 476 pi/2
478 RZ 1 1 1 477 pi/2
479 SX 1 1 1 478
480 RZ 1 1 1 479 pi/2
481 RZ 1 1 1 480 pi/2
482 RZ 1 1 1 481 -pi/2
483 X 1 2 1 459
484 RZ 1 6 1 475 pi/2
485 RZ 1 6 1 484 pi/2
486 SX 1 6 1 485
487 RZ 1 6 1 486 pi/2
488 RZ 1 6 1 487 pi/2
489 X 1 1 1 482
490 RZ 1 1 1 489 pi/2
491 SX 1 1 1 490
492 RZ 1 1 1 491 pi/2
493 RZ 1 1 1 492 pi/2
494 RZ 1 1 1 493 pi/2
495 SX 1 1 1 494
496 RZ 1 1 1 495 pi/2
497 RZ 1 1 1 496 pi/2
498 RZ 1 1 1 497 -pi/4
499 RZ 1 1 1 498 pi/2
500 RZ 1 1 1 499 pi/2
501 SX 1 1 1 500
502 RZ 1 1 1 501 pi/2
503 RZ 1 1 1 502 pi/2
504 X 1 0 1 78
505 RZ 1 0 1 504 -pi/2
506 RZ 1 1 1 503 pi/4
507 RZ 1 1 1 506 pi/2
508 RZ 1 1 1 507 pi/2
509 SX 1 1 1 508
510 RZ 1 1 1 509 pi/2
511 RZ 1 1 1 510 pi/2
512 X 1 5 1 79
513 RZ 1 5 1 512 -pi/2
514 RZ 1 1 1 511 -pi/4
515 RZ 1 1 1 514 pi/2
516 RZ 1 1 1 515 pi/2
517 SX 1 1 1 516
518 RZ 1 1 1 517 pi/2
519 RZ 1 1 1 518 pi/2
520 X 1 0 1 505
521 RZ 1 0 1 520 -pi/2
522 RZ 1 1 1 519 3*pi/4
523 SX 1 1 1 522
524 RZ 1 1 1 523 pi/2
525 RZ 1 1 1 524 -pi/2
526 X 1 5 1 513
527 RZ 1 5 1 526 pi/4
528 RZ 1 5 1 527 pi/2
529 RZ 1 5 1 528 pi/2
530 SX 1 5 1 529
531 RZ 1 5 1 530 pi/2
532 RZ 1 5 1 531 pi/2
533 X 1 0 1 521
534 RZ 1 0 1 533 pi/4
535 RZ 1 0 1 534 -pi/2
536 RZ 1 5 1 532 -pi/4
537 RZ 1 5 1 536 pi/2
538 RZ 1 5 1 537 pi/2
539 SX 1 5 1 538
540 RZ 1 5 1 539 pi/2
541 RZ 1 5 1 540 pi/2
542 X 1 0 1 535
543 RZ 1 0 1 542 pi/2
544 RZ 1 0 1 543 pi/2
545 SX 1 0 1 544
546 RZ 1 0 1 545 pi/2
547 RZ 1 0 1 546 pi/2
548 RZ 1 0 1 547 -pi/2
549 X 1 1 1 525
550 RZ 1 5 1 541 pi/2
551 RZ 1 5 1 550 pi/2
552 SX 1 5 1 551
553 RZ 1 5 1 552 pi/2
554 RZ 1 5 1 553 pi/2
555 X 1 0 1 548
556 MeasZ 1 5 1 554
557 MeasZ 1 6 1 488
558 MeasZ 1 7 1 422
559 MeasZ 1 8 1 356
560 MeasZ 1 9 1 290
